AreaNaoVip:
  world: Spawn
  x: 63.26708939852341
  y: 79.0
  z: 14.576505263545332
  yaw: -90.599945
  pitch: -0.44995627
AreaVip:
  world: Spawn
  x: 63.26708939852341
  y: 79.0
  z: 14.576505263545332
  yaw: -90.599945
  pitch: -0.44995627
Spawn:
  world: Spawn
  x: 62.80327076910583
  y: 79.0
  z: 14.571239498434952
  yaw: -90.44995
  pitch: 0.45004356
SpawnVip:
  world: Spawn
  x: 62.80327076910583
  y: 79.0
  z: 14.571239498434952
  yaw: -90.44995
  pitch: 0.45004356
