versao-changelog: 7.0.9
SpawnEntrar:
  World: Spawn
  X: 67.95434032038298
  Y: 56.0
  Z: 64.68511443337934
  Yaw: -176.69983
  Pitch: -3.1500347
SpawnLogin:
  World: Spawn
  X: 67.95434032038298
  Y: 56.0
  Z: 64.68511443337934
  Yaw: -176.69983
  Pitch: -3.1500347
